x0 = [];

x0(1)	=	3800	;
x0(2)	=	20	;
x0(3)	=	10	;
x0(4)	=	3	;
x0(5)	=	1	;
x0(6)	=	5	;
x0(7)	=	2200	;
x0(8)	=	6	;
x0(9)	=	350	;
x0(10)	=	150	;
x0(11)	=	4	;
x0(12)	=	2.5	;
x0(13)	=	5	;
x0(14)	=	2	;
x0(15)	=	2200	;
x0(16)	=	200	;
x0(17)	=	2.5	;
x0(18)	=	1	;
x0(19)	=	1	;
x0(20)	=	5	;
x0(21)	=	1	;
x0(22)	=	1	;
x0(23)	=	0.7	;
x0(24)	=	475	;
x0(25)	=	20	;
x0(26)	=	0.3	;
x0(27)	=	1	;
x0(28)	=	2	;
x0(29)	=	1.5	;
x0(30)	=	0.55	;
x0(31)	=	0.09	;
x0(32)	=	25	;
x0(33)	=	1	;
x0(34)	=	3	;
x0(35)	=	30	;
x0(36)	=	1	;
x0(37)	=	2500	;
x0(38)	=	0.4	;
x0(39)	=	0.3	;
x0(40)	=	20	;
x0(41)	=	3	;
x0(42)	=	525	;
x0(43)	=	30	;
x0(44)	=	0.5	;
x0(45)	=	1	;
x0(46)	=	0.2	;
x0(47)	=	0.2	;
