% internal = 1, external = 0

internal = [
1
0
1
0
1
0
1
0
1
1
0
1
0
1
0
1
1
1
1
0
0
1
0
1
0
1
0
1
1
1
1
0
1
0
1
1
1
0
1
];