%
C0 = [
    1.2239
    0.4975
   20.1682
    2.0967
    3.3453
    1.4506
    4.5115
   93.6248
    3.2265
    0.8428
    3.6100
    9.8691
    1.6011
   94.5318
   10.3999]*100.0074/500; 


% 0.9	;	%	ALA   =  1
% 0	;	%	ANTI  =  2
% 21	;	%	ASN   =  3
% 2	;	%	ASP   =  4
% 20*2.31/6.25;%	BIOM  =  5
% 1.5	;	%	C_C   =  6
% 0	;	%	CO2   =  7
% 80  ;	%	GLC   =  8
% 3.9 ;	%	GLN   =  9
% 0.6	;	%	GLU   =  10
% 3.4	;	%	GLY   =  11
% 1	;	%	LAC   =  12
% 1	;	%	NH3   =  13
% 0.1666*10	;	%	O2    =  14
% 11	;	%	SER   =  15
%    ]; %mM   =  16