initialFluxVec = [
    3700; 7000; 390; 810; 1000;
    1590; 375; 400; 40; 450;
    210; 152; 91; 5000; 1750;
    2200; 365; 2200; 365; 4700;
    7000; 190; 540; 50; 90; 
    605; 102; 349; 680; 3600;
    6200; 54; 170; 1590];