%
C0 = [
0.9	;	%	ALA   =  1
0	;	%	ANTI  =  2
21	;	%	ASN   =  3
2	;	%	ASP   =  4
20*2.31/6.25;%	BIOM  =  5
1.5	;	%	C_C   =  6
0	;	%	CO2   =  7
80  ;	%	GLC   =  8
3.9 ;	%	GLN   =  9
0.6	;	%	GLU   =  10
3.4	;	%	GLY   =  11
1	;	%	LAC   =  12
1	;	%	NH3   =  13
0.1666*10	;	%	O2    =  14
11	;	%	SER   =  15
   ]; %mM   =  16