initialFluxVec = [
    3700; 7000; 385; 833; 977;
    1580; 374; 400; 32; 450;
    207; 153; 91; 5000; 1750;
    2203; 371; 2203; 371; 4711;
    7000; 186; 543; 49; 91; 
    612; 103; 346; 668; 3600;
    6231; 54; 169; 1558];